tree
version=v4
num_class=1
num_tree_per_iteration=1
label_index=0
max_feature_idx=41
objective=regression
feature_names=return_1m return_5m return_15m return_30m return_60m candle_range body abs_body upper_wick lower_wick body_range_ratio upper_wick_ratio lower_wick_ratio volatility_15m volatility_30m volatility_60m volatility_240m momentum_5m momentum_15m momentum_30m momentum_60m sma_15 sma_60 sma_240 distance_sma_15 distance_sma_60 distance_sma_240 sma_15_slope sma_60_slope sma_240_slope rolling_high_60 rolling_low_60 rolling_high_240 rolling_low_240 distance_high_60 distance_low_60 distance_high_240 distance_low_240 hour_sin hour_cos minute_sin minute_cos
feature_infos=[-0.0084843691438436508:0.0096061462536454201] [-0.014116778969764709:0.015818143263459206] [-0.020617874339222908:0.02479376457631588] [-0.034932076930999756:0.029631068930029869] [-0.038107860833406448:0.030075212940573692] [0:20.313999176025391] [-17.340000152587891:9.8000001907348633] [0:17.340000152587891] [0:9.6450004577636719] [0:10.324000358581543] [0:1] [0:1] [0:1] [0:0.0081159686669707298] [0:0.0058471215888857841] [0:0.0043240091763436794] [0:0.0022950854618102312] [-25.297000885009766:32.25] [-36.229999542236328:51.650001525878906] [-61.291999816894531:61.437000274658203] [-67.084999084472656:62.331001281738281] [1267.183349609375:2789.02294921875] [1267.9764404296875:2788.5693359375] [1269.22216796875:2787.181640625] [-0.013494967482984066:0.013996184803545475] [-0.025980789214372635:0.024075984954833984] [-0.036912806332111359:0.030885998159646988] [-48.634799957275391:42.60260009765625] [-50.948699951171875:43.954933166503906] [-75.350105285644531:49.662788391113281] [1269.66796875:2790.0048828125] [1266.1949462890625:2787.327880859375] [1270.6080322265625:2790.0048828125] [1266.1949462890625:2784.675048828125] [-0.038309440016746521:0] [0:0.03097953088581562] [-0.056683305650949478:0] [0:0.047792054712772369] [-1:1] [-1:1] [-1:1] [-1:1]
tree_sizes=3162 2758 2797 2889 2794 2840 2758 2734 2809 2771

Tree=0
num_leaves=31
num_cat=0
split_feature=13 23 39 5 16 25 29 16 14 5 32 8 39 35 28 36 31 13 28 33 16 3 15 21 33 29 37 31 26 39
split_gain=0.000109008 0.000277963 0.00012097 0.000125507 9.74306e-05 0.000205818 0.000132413 6.38265e-05 7.33128e-05 6.03182e-05 7.34927e-05 4.5401e-05 3.57456e-05 3.54589e-05 3.37322e-05 2.77368e-05 2.53748e-05 2.51683e-05 5.33981e-05 4.28078e-05 4.08052e-05 3.517e-05 4.57454e-05 4.55967e-05 4.98538e-05 3.72641e-05 4.84348e-05 4.01042e-05 4.02822e-05 3.4312e-05
threshold=0.00088005469297058891 1488.5899047851565 1.0000000180025095e-35 1.7405000329017641 0.00049371359637007128 -0.0045252421405166379 5.7956833839416513 0.00093693891540169727 0.00045417988440021878 1.3180000185966494 1518.1564941406252 2.4485000371932988 0.91597560048103344 0.0011954106739722194 11.155049800872805 -0.0048244770150631658 1486.8914794921877 0.00046974861470516776 2.3982499837875371 1923.3565063476565 0.00022540292411576959 0.0034969581756740813 0.00066872229217551659 1707.1262207031252 1618.4829711914065 1.7498416900634768 0.0031562208896502857 1471.9064941406252 0.0012096980353817346 -0.7865660786628722
decision_type=2 2 2 2 2 2 2 2 2 2 2 2 2 2 2 2 2 2 2 2 2 2 2 2 2 2 2 2 2 2
left_child=7 2 3 -2 15 -6 9 17 -9 -7 -11 -12 13 -10 16 -3 -15 -1 20 -20 -19 22 23 24 -22 26 -24 -28 -29 -25
right_child=1 4 -4 -5 5 6 -8 8 12 10 11 -13 -14 14 -16 -17 -18 18 19 -21 21 -23 25 29 -26 -27 27 28 -30 -31
leaf_value=4.2673109517321171e-06 4.2858878802568153e-06 -1.8248570006307651e-06 4.2858878802568153e-06 5.1458524960400109e-05 4.2858878802568153e-06 4.2858878802568153e-06 4.2858878802568153e-06 4.2858878802568153e-06 4.2858878802568153e-06 4.2858878802568153e-06 -2.6696871915945148e-05 4.2858878802568153e-06 4.2858878802568153e-06 4.2858878802568153e-06 4.2858878802568153e-06 6.4358270003915325e-06 2.5302980626841342e-05 9.9617508817054142e-06 9.7355679017074537e-06 4.2858878802568153e-06 4.2858878802568153e-06 -1.3577207822899944e-06 4.2858878802568153e-06 6.8510167194392911e-07 1.045375466402566e-05 4.2858878802568153e-06 4.2858878802568153e-06 1.9877816627470235e-05 4.2858878802568153e-06 4.2858878802568153e-06
leaf_weight=574118 100 582 118 149 594 240 453 335 71 40 824 23 127 52 50 698 546 1103 3675 1741 1769 1031 672 4909 1506 417 56 767 66 3143
leaf_count=574118 100 582 118 149 594 240 453 335 71 40 824 23 127 52 50 698 546 1103 3675 1741 1769 1031 672 4909 1506 417 56 767 66 3143
internal_value=4.28589e-06 -7.65022e-07 2.15927e-05 3.39251e-05 -4.00958e-06 -7.94776e-06 -1.36906e-05 4.31826e-06 1.12911e-05 -1.93524e-05 -2.34835e-05 -2.54737e-05 1.6389e-05 1.902e-05 2.13188e-05 4.28589e-06 2.33943e-05 4.29938e-06 5.326e-06 7.89683e-06 4.28589e-06 3.99804e-06 4.28589e-06 3.67991e-06 6.23385e-06 8.61146e-06 1.10084e-05 1.56163e-05 1.77147e-05 2.26856e-06
internal_weight=599975 3821 367 249 3454 2174 1580 596154 1181 1127 887 847 846 719 648 1280 598 594973 20855 5416 15439 14336 13305 11327 3275 1978 1561 889 833 8052
internal_count=599975 3821 367 249 3454 2174 1580 596154 1181 1127 887 847 846 719 648 1280 598 594973 20855 5416 15439 14336 13305 11327 3275 1978 1561 889 833 8052
is_linear=0
shrinkage=1


Tree=1
num_leaves=31
num_cat=0
split_feature=14 21 29 22 35 19 5 33 34 37 23 21 34 6 5 16 5 36 1 32 14 14 35 9 9 7 34 11 6 24
split_gain=5.72475e-05 0.0001779 0.00012513 0.000102897 6.88438e-05 6.52156e-05 7.91363e-05 7.18974e-05 5.77232e-05 5.08091e-05 5.33621e-05 4.25025e-05 5.93307e-05 5.20017e-05 4.22796e-05 3.78936e-05 3.25148e-05 3.15687e-05 2.77128e-05 6.39219e-05 6.28622e-05 5.4095e-05 3.38333e-05 2.77536e-05 3.51267e-05 2.54001e-05 2.45753e-05 3.18712e-05 2.34386e-05 2.32196e-05
threshold=0.00085891553317196678 1501.2073364257815 1.2531708478927615 2045.0123291015627 0.00086592929437756549 -3.2095000743865962 1.3705000281333926 1488.091491699219 -0.00067624083021655668 0.016738384962081913 2306.7304687500005 1512.3806762695315 -0.0019962295191362496 0.86199998855590831 1.1604999899864199 0.0004286301118554548 4.6484999656677255 -0.010016016662120817 -0.00036565233313012863 1948.1270141601565 0.00037182813684921717 0.00047943546087481087 0.0032928592991083865 1.141499996185303 0.53049999475479137 0.060499999672174461 -0.0064955998677760354 0.064537379890680327 0.29050000011920935 -0.00060517582460306574
decision_type=2 2 2 2 2 2 2 2 2 2 2 2 2 2 2 2 2 2 2 2 2 2 2 2 2 2 2 2 2 2
left_child=18 5 4 11 -3 6 -2 17 9 10 14 -4 13 -13 -6 -5 -16 -8 19 21 -21 26 -22 24 28 -26 27 -1 -23 -28
right_child=1 2 3 15 8 -7 7 -9 -10 -11 -12 12 -14 -15 16 -17 -18 -19 -20 20 22 23 -24 -25 25 -27 29 -29 -30 -31
leaf_value=-1.6876525247310102e-05 0 0 -3.8735505134838837e-06 0 0 0 5.3625214633363744e-05 0 0 0 0 1.5531293831428665e-05 0 0 -2.191412931510247e-05 -2.8439531399237554e-05 0 0 -5.00629358728716e-08 0 -5.3044762821141749e-06 4.0016354409474552e-06 0 0 0 1.3515837500226164e-05 1.8410802697278585e-06 0 0 2.9807151327275981e-07
leaf_weight=146 77 137 82 41 236 343 97 20 135 122 168 631 261 187 1130 138 101 33 518759 18384 3482 3049 1100 212 76 779 16476 304 907 32362
leaf_count=146 77 137 82 41 236 343 97 20 135 122 168 631 261 187 1130 138 101 33 518759 18384 3482 3049 1100 212 76 779 16476 304 907 32362
internal_value=0 -3.60493e-06 -6.78521e-06 0 -1.14867e-05 9.92788e-06 2.24917e-05 3.52121e-05 -1.32001e-05 -1.47376e-05 -1.61669e-05 3.59608e-06 6.94415e-06 1.13523e-05 -1.8001e-05 -2.08142e-05 -2.04221e-05 4.39074e-05 2.36081e-08 5.56981e-07 -6.90547e-07 1.13975e-06 -3.83891e-06 4.24702e-06 4.90141e-06 1.18198e-05 7.62209e-07 -5.35928e-06 2.64757e-06 8.80051e-07
internal_weight=599975 3939 3369 1340 2029 570 227 150 1892 1757 1635 1161 1079 818 1467 179 1231 130 596036 77277 22966 54311 4582 5023 4811 855 49288 450 3956 48838
internal_count=599975 3939 3369 1340 2029 570 227 150 1892 1757 1635 1161 1079 818 1467 179 1231 130 596036 77277 22966 54311 4582 5023 4811 855 49288 450 3956 48838
is_linear=0
shrinkage=0.03


Tree=2
num_leaves=31
num_cat=0
split_feature=14 21 29 22 35 19 38 36 34 38 30 5 33 30 34 0 31 33 9 24 29 38 27 37 14 29 27 14 32 33
split_gain=5.39075e-05 0.000169243 0.000115047 9.5341e-05 6.6037e-05 6.09305e-05 8.10009e-05 0.000132545 5.521e-05 4.97319e-05 4.9503e-05 5.53436e-05 6.03676e-05 4.56169e-05 5.63478e-05 5.29806e-05 4.35328e-05 9.78531e-05 3.94102e-05 2.63895e-05 3.2212e-05 5.03058e-05 2.51313e-05 2.40026e-05 2.37031e-05 3.27508e-05 2.2291e-05 2.21825e-05 8.3797e-05 4.2664e-05
threshold=0.00085891553317196678 1501.2073364257815 1.2531708478927615 2045.0123291015627 0.00086592929437756549 -3.2095000743865962 0.37940952181816107 -0.011435912922024725 -0.00067624083021655668 0.78656607866287243 2321.930053710938 1.2105000019073489 1478.4815063476565 1522.424987792969 -0.0019962295191362496 0.00098759651882573984 1611.1614990234377 1675.5415039062502 1.9654999971389773 5.6331127780140386e-06 -24.127754211425778 -0.7865660786628722 -1.790600001811981 0.0046160405036062011 0.00033617575536482042 -2.4237228631973262 -1.3538333773612974 0.00047943546087481087 1955.1804809570315 1575.5250244140627
decision_type=2 2 2 2 2 2 2 2 2 2 2 2 2 2 2 2 2 2 2 2 2 2 2 2 2 2 2 2 2 2
left_child=19 5 4 13 -3 6 7 -2 9 10 11 -6 -13 -4 15 -15 18 -18 -14 27 21 -21 -22 -5 -24 -26 -23 -1 29 -29
right_child=1 2 3 23 8 -7 -8 -9 -10 -11 -12 12 16 14 -16 -17 17 -19 -20 20 22 26 24 -25 25 -27 -28 28 -30 -31
leaf_value=1.4193040315301164e-07 5.245253198337786e-05 0 -5.5532898919403545e-06 0 0 0 0 0 0 0 0 0 -3.9229085859907495e-05 1.4415875641510459e-05 0 0 0 -1.73602976819422e-05 0 0 -1.8685074805526755e-06 0 -2.8998797767962121e-07 -2.7465608902397699e-05 -6.7986083016827246e-07 1.4643194206584608e-06 1.7767945731335869e-05 0 -2.0941334827837779e-06 4.7505986221168323e-06
leaf_weight=345212 109 137 92 54 216 343 42 76 135 190 171 31 347 720 260 89 169 604 29 623 8692 36 206080 125 8040 17130 287 1433 2861 5642
leaf_count=345212 109 137 92 54 216 343 42 76 135 190 171 31 347 720 260 89 169 604 29 623 8692 36 206080 125 8040 17130 287 1433 2861 5642
internal_value=0 -3.49828e-06 -6.6142e-06 0 -1.11206e-05 9.65416e-06 2.18046e-05 3.12596e-05 -1.28075e-05 -1.43148e-05 -1.60723e-05 -1.79408e-05 -2.05668e-05 3.35107e-06 6.92395e-06 1.12261e-05 -2.19474e-05 -1.10265e-05 -3.64136e-05 2.28126e-08 -2.13758e-07 5.17124e-06 -2.47494e-07 -2.01568e-05 -1.73591e-07 6.60219e-07 1.47795e-05 1.9172e-07 1.61962e-06 3.54543e-06
internal_weight=599975 3939 3369 1340 2029 570 227 185 1892 1757 1567 1396 1180 1161 1069 809 1149 773 376 596036 240888 946 239942 179 231250 25170 323 355148 9936 7075
internal_count=599975 3939 3369 1340 2029 570 227 185 1892 1757 1567 1396 1180 1161 1069 809 1149 773 376 596036 240888 946 239942 179 231250 25170 323 355148 9936 7075
is_linear=0
shrinkage=0.03


Tree=3
num_leaves=31
num_cat=0
split_feature=13 23 38 5 16 24 16 14 38 25 5 20 35 26 24 13 31 26 29 13 14 15 35 27 27 22 18 22 1 38
split_gain=9.67233e-05 0.000253976 9.5243e-05 0.000101658 8.9852e-05 0.000236468 5.82012e-05 6.91259e-05 4.69517e-05 6.14142e-05 4.92083e-05 4.36074e-05 3.38059e-05 3.23299e-05 2.63968e-05 3.11461e-05 6.3857e-05 2.76917e-05 3.52812e-05 3.76581e-05 2.75286e-05 3.03457e-05 2.65759e-05 2.53728e-05 2.44519e-05 2.41835e-05 2.39412e-05 2.14719e-05 2.13623e-05 4.81749e-05
threshold=0.00088005469297058891 1488.5899047851565 -1.0000000180025095e-35 1.8794999718666079 0.00049371359637007128 -0.00045636526192538435 0.00093693891540169727 0.00045417988440021878 0.91597560048103344 -0.0045252421405166379 1.3004999756813052 -15.023500442504881 0.0011954106739722194 0.0033068368211388592 5.6331127780140386e-06 0.00048264079669024801 1945.2315063476565 0.0040626276750117549 8.1515750885009783 0.00041899233474396175 0.00085891553317196678 0.00056427280651405465 0.0050503816455602655 -1.790600001811981 -2.4443000555038448 2039.709655761719 2.310500025749207 2417.731079101563 -6.1662394728045897e-05 -1.0000000180025095e-35
decision_type=2 2 2 2 2 2 2 2 2 2 2 2 2 2 2 2 2 2 2 2 2 2 2 2 2 2 2 2 2 2
left_child=6 2 3 -2 28 -6 14 -8 9 -7 -11 -12 -9 25 15 -1 20 22 19 -19 21 24 23 -16 -17 -14 -25 -21 29 -3
right_child=1 4 -4 -5 5 8 7 12 -10 10 11 -13 13 -15 17 16 -18 18 -20 27 -22 -23 -24 26 -26 -27 -28 -29 -30 -31
leaf_value=1.2448331783472667e-07 0 -1.2644117413621844e-05 0 4.5480599604769758e-05 0 0 0 0 0 0 0 -3.0609359455248232e-05 1.9226877821701171e-05 0 -1.9002832983265238e-06 0 -1.4554234703983859e-06 1.6684889924910611e-07 -1.0672220157575491e-06 6.461052191290056e-06 0 7.9480755848013683e-06 -2.9784818208676413e-06 -2.7957431346575254e-07 3.528378527110845e-06 0 7.8038589240390188e-07 0 1.902741185802627e-06 0
leaf_weight=344907 126 376 107 134 948 141 335 78 58 229 62 736 531 208 8407 1708 2513 4399 2281 2361 334 1911 3492 199310 3197 29 20077 76 678 226
leaf_count=344907 126 376 107 134 948 141 335 78 58 229 62 736 531 208 8407 1708 2513 4399 2281 2361 334 1911 3492 199310 3197 29 20077 76 678 226
internal_value=0 -4.75842e-06 1.6519e-05 2.67337e-05 -7.88816e-06 -1.16641e-05 2.98617e-08 6.68817e-06 -2.03672e-05 -2.17162e-05 -2.4293e-05 -2.85477e-05 1.16607e-05 1.37619e-05 1.16018e-08 1.80889e-07 1.88372e-06 -2.256e-07 1.33772e-06 2.57904e-06 3.4769e-06 4.03932e-06 -3.00196e-07 -2.45968e-07 1.90472e-06 1.76543e-05 -1.68898e-07 5.7021e-06 0 -5.27772e-06
internal_weight=599975 3821 367 260 3454 2174 596154 1181 1226 1168 1027 798 846 768 594973 354570 9663 240403 9117 6836 7150 6816 231286 227794 4905 560 219387 2437 1280 602
internal_count=599975 3821 367 260 3454 2174 596154 1181 1226 1168 1027 798 846 768 594973 354570 9663 240403 9117 6836 7150 6816 231286 227794 4905 560 219387 2437 1280 602
is_linear=0
shrinkage=0.03


Tree=4
num_leaves=31
num_cat=0
split_feature=13 23 39 5 16 24 16 14 38 5 34 15 39 15 40 38 32 22 27 24 13 32 26 29 13 41 35 14 15 27
split_gain=9.04696e-05 0.000240101 0.000111645 0.000110145 8.60404e-05 0.000223578 5.37726e-05 6.57764e-05 4.49461e-05 3.96989e-05 4.73458e-05 7.17735e-05 3.31222e-05 3.36211e-05 3.87704e-05 2.66943e-05 6.50311e-05 2.50976e-05 2.66442e-05 2.48422e-05 2.87649e-05 5.8923e-05 2.59763e-05 3.35876e-05 3.46583e-05 2.96927e-05 2.4947e-05 2.40325e-05 3.50175e-05 2.41608e-05
threshold=0.00088005469297058891 1488.5899047851565 1.0000000180025095e-35 1.7405000329017641 0.00049371359637007128 -0.00045636526192538435 0.00093693891540169727 0.00045417988440021878 0.91597560048103344 1.1704999804496767 -0.0093203024007379991 0.0008360574720427395 0.91597560048103344 0.00049023289466276776 -0.96460208296775807 -0.91597560048103321 1901.7915039062502 1491.5627441406252 3.8646667003631596 5.6331127780140386e-06 0.00048264079669024801 1959.1514892578127 0.0040626276750117549 8.1515750885009783 0.00041899233474396175 0.93230098485946666 0.0050503816455602655 0.00085891553317196678 0.00056427280651405465 -2.4443000555038448
decision_type=2 2 2 2 2 2 2 2 2 2 2 2 2 2 2 2 2 2 2 2 2 2 2 2 2 2 2 2 2 2
left_child=6 2 3 -2 -3 -6 19 -8 9 -7 -11 -12 13 -9 -15 -16 17 -17 -19 20 -1 27 26 24 -24 -26 -21 28 29 -22
right_child=1 4 -4 -5 5 8 7 12 -10 10 11 -13 -14 14 15 16 -18 18 -20 22 21 -23 23 -25 25 -27 -28 -29 -30 -31
leaf_value=1.2074885232410968e-07 0 0 0 4.4392765765743592e-05 0 0 0 0 0 0 0 -3.5215722770166973e-05 0 0 0 0 0 3.6512825531986302e-05 0 -2.3858852915735149e-07 0 -1.2861945926248292e-06 1.618433933137415e-07 -1.0352067633902663e-06 6.857610461259408e-06 0 -2.889129785315535e-06 0 8.0275399338540283e-06 3.3576696367572153e-06
leaf_weight=344907 100 1280 118 149 948 189 335 36 58 244 199 536 127 57 157 38 137 249 45 227794 1688 2594 4399 2281 2144 293 3492 328 1851 3202
leaf_count=344907 100 1280 118 149 948 189 335 36 58 244 199 536 127 57 157 38 137 249 45 227794 1688 2594 4399 2281 2144 293 3492 328 1851 3202
internal_value=0 -4.60219e-06 1.60209e-05 2.79576e-05 -7.66241e-06 -1.13533e-05 2.87003e-08 6.42885e-06 -1.98159e-05 -2.11376e-05 -2.3865e-05 -2.85754e-05 1.12987e-05 1.38442e-05 1.56863e-05 1.80053e-05 2.19979e-05 2.93218e-05 3.23676e-05 1.09529e-08 1.75326e-07 1.8129e-06 -2.19002e-07 1.29312e-06 2.50888e-06 5.51432e-06 -2.91579e-07 3.37451e-06 3.89229e-06 1.71337e-06
internal_weight=599975 3821 367 249 3454 2174 596154 1181 1226 1168 979 735 846 719 683 626 469 332 294 594973 354570 9663 240403 9117 6836 2437 231286 7069 6741 4890
internal_count=599975 3821 367 249 3454 2174 596154 1181 1226 1168 979 735 846 719 683 626 469 332 294 594973 354570 9663 240403 9117 6836 2437 231286 7069 6741 4890
is_linear=0
shrinkage=0.03


Tree=5
num_leaves=31
num_cat=0
split_feature=13 23 38 16 24 38 16 13 34 7 18 17 41 17 14 29 22 41 36 21 24 13 32 26 29 13 41 14 15 35
split_gain=8.67065e-05 0.000227338 8.84934e-05 8.16653e-05 0.000205724 6.41049e-05 4.99777e-05 6.34397e-05 4.20455e-05 9.28272e-05 4.21332e-05 3.64077e-05 3.16583e-05 3.80378e-05 3.11466e-05 2.98693e-05 2.51481e-05 3.14743e-05 3.66039e-05 2.35167e-05 2.33836e-05 2.63875e-05 5.53325e-05 2.44201e-05 3.22912e-05 3.24423e-05 2.85754e-05 2.31248e-05 3.33743e-05 2.31116e-05
threshold=0.00088005469297058891 1488.5899047851565 -1.0000000180025095e-35 0.00054940354311838757 -0.00048059878463391209 0.60355338454246532 0.00093693891540169727 0.00055475460248999308 -0.0093203024007379991 0.097500000149011626 -4.9395000934600821 -2.3479999303817745 -0.052264232188463294 1.5404999852180483 0.00085891553317196678 10.511739253997805 1491.5627441406252 -0.70613771677017201 -0.0029410327551886435 1419.4822998046877 2.8404407430571159e-06 0.00048264079669024801 1959.1514892578127 0.0040626276750117549 8.1515750885009783 0.00041899233474396175 0.93230098485946666 0.00085891553317196678 0.00056427280651405465 0.0050503816455602655
decision_type=2 2 2 2 2 2 2 2 2 2 2 2 2 2 2 2 2 2 2 2 2 2 2 2 2 2 2 2 2 2
left_child=6 2 15 12 -5 8 20 -8 -6 -10 -11 -12 -3 -14 -13 19 -9 -18 -19 -2 21 -1 27 29 25 -25 -27 28 -23 -22
right_child=1 3 -4 4 5 -7 7 16 9 10 11 14 13 -15 -16 -17 17 18 -20 -21 23 22 -24 24 -26 26 -28 -29 -30 -31
leaf_value=1.180426786907311e-07 0 1.739459724603478e-06 0 0 0 0 0 0 0 0 0 0 -1.0566986524347874e-05 0 -4.0469274704879227e-05 0 0 2.2085131816746205e-05 0 3.6252192005564467e-05 -2.3016904567755987e-07 1.6300724716676698e-06 -1.2414237809047514e-06 1.5564210478154816e-07 -1.01710437343807e-06 6.6807387222008983e-06 0 0 7.8203273244849043e-06 -2.7830654852646823e-06
leaf_weight=343016 73 744 107 814 234 146 584 39 80 22 40 127 542 259 446 23 135 382 41 164 229675 4882 2589 4413 2286 2147 293 328 1847 3497
leaf_count=343016 73 744 107 814 234 146 584 39 80 22 40 127 542 259 446 23 135 382 41 164 229675 4882 2589 4413 2286 2147 293 328 1847 3497
internal_value=0 -4.50593e-06 1.54804e-05 -7.49846e-06 -1.18406e-05 -2.03343e-05 2.76119e-08 6.19792e-06 -2.31922e-05 -2.76912e-05 -3.15427e-05 -3.30529e-05 -1.91277e-07 -5.72947e-06 -3.50131e-05 2.53856e-05 1.30999e-05 1.49718e-05 1.90427e-05 2.86413e-05 1.03207e-08 1.70974e-07 1.74219e-06 -2.11114e-07 1.25192e-06 2.44658e-06 5.36034e-06 3.26189e-06 3.77511e-06 -2.81323e-07
internal_weight=599975 3821 367 3454 1909 1095 596154 1181 949 715 635 613 1545 801 573 260 597 558 423 237 594973 352662 9646 242311 9139 6853 2440 7057 6729 233172
internal_count=599975 3821 367 3454 1909 1095 596154 1181 949 715 635 613 1545 801 573 260 597 558 423 237 594973 352662 9646 242311 9139 6853 2440 7057 6729 233172
is_linear=0
shrinkage=0.03


Tree=6
num_leaves=31
num_cat=0
split_feature=13 33 5 38 37 26 32 29 33 34 4 22 38 29 16 13 24 29 41 29 27 15 16 29 41 35 38 29 41 34
split_gain=8.27866e-05 0.000141927 9.20207e-05 6.90573e-05 8.72566e-05 7.05684e-05 9.27861e-05 0.000168399 0.000257537 8.88476e-05 7.82557e-05 7.13174e-05 6.76999e-05 6.57037e-05 6.17934e-05 6.16724e-05 6.03606e-05 9.98757e-05 4.46494e-05 4.6061e-05 4.50037e-05 6.16402e-05 4.5769e-05 4.21281e-05 5.03162e-05 3.99997e-05 3.57109e-05 3.97628e-05 3.40929e-05 3.28205e-05
threshold=0.00076898719999007892 1469.7715454101565 2.4315000772476201 -0.7865660786628722 0.011314623523503544 0.00435765483416617 1646.997497558594 -4.9840376377105704 1496.936462402344 -0.0058059473522007457 -0.0078388918191194517 1752.7431640625002 -0.91597560048103321 -18.500599861145016 0.00093693891540169727 0.00049734342610463511 -0.0012580209877341984 -1.9374999999999998 -0.70613771677017201 -4.1243560314178458 3.8646667003631596 0.00056427280651405465 0.00037994737795088446 10.511739253997805 -0.83752119541168202 0.0090234815143048781 0.60355338454246532 8.4207563400268572 0.93230098485946666 -0.0021098132710903879
decision_type=2 2 2 2 2 2 2 2 2 2 2 2 2 2 2 2 2 2 2 2 2 2 2 2 2 2 2 2 2 2
left_child=15 2 -2 4 14 6 7 8 -5 13 11 -8 25 -10 -3 -1 -9 -18 19 29 21 -20 -23 24 -4 -6 27 28 -19 -17
right_child=1 3 23 5 12 -7 10 16 9 -11 -12 -13 -14 -15 -16 18 17 26 20 -21 -22 22 -24 -25 -26 -27 -28 -29 -30 -31
leaf_value=-1.1792379254624699e-08 0 0 0 0 0 0 2.2800437214474066e-05 0 0 0 -7.8024751732189071e-06 0 0 -9.2170152319054092e-05 2.466649283171581e-05 -9.9231380573867826e-06 0 -3.4177511060904982e-05 1.4667235592030544e-06 8.1088084824252991e-07 -9.8852745296737112e-07 0 8.3386304000450878e-06 0 4.3402115890196713e-05 -3.5233956601246573e-05 0 0 0 0
leaf_weight=578529 348 583 25 100 90 915 128 199 30 76 1807 422 101 98 153 709 117 217 7441 2564 1249 292 3102 20 113 111 34 60 21 321
leaf_count=578529 348 583 25 100 90 915 128 199 30 76 1807 422 101 98 153 709 117 217 7441 2564 1249 292 3102 20 113 111 34 60 21 321
internal_value=0 -3.57806e-06 9.64013e-06 -5.41941e-06 0 -7.16245e-06 -9.20211e-06 -1.83824e-05 -3.8999e-05 -5.83245e-05 -4.2208e-06 2.09238e-06 -1.16488e-05 -7.77443e-05 7.14109e-06 3.33744e-08 -4.07695e-06 -1.20395e-05 1.8914e-06 -3.79158e-07 2.81496e-06 3.53029e-06 7.17038e-06 2.86588e-05 3.48543e-05 -2.25129e-05 -2.16028e-05 -2.50544e-05 -3.05975e-05 -6.25368e-06
internal_weight=599975 5768 506 5262 1038 4224 3309 952 304 204 2357 550 302 128 736 594207 648 449 15678 3594 12084 10835 3394 158 138 201 332 298 238 1030
internal_count=599975 5768 506 5262 1038 4224 3309 952 304 204 2357 550 302 128 736 594207 648 449 15678 3594 12084 10835 3394 158 138 201 332 298 238 1030
is_linear=0
shrinkage=0.03


Tree=7
num_leaves=31
num_cat=0
split_feature=13 23 39 16 24 38 38 16 13 31 41 39 29 34 25 20 10 21 24 39 40 12 41 31 24 27 13 16 28 29
split_gain=7.7881e-05 0.000207145 0.000101675 7.94735e-05 0.000194955 6.56977e-05 6.0589e-05 4.57653e-05 5.88683e-05 3.69517e-05 2.83967e-05 3.10602e-05 2.80419e-05 4.56721e-05 4.86119e-05 3.80004e-05 2.7012e-05 2.65515e-05 2.45405e-05 2.41245e-05 2.82836e-05 3.45592e-05 2.49822e-05 3.28098e-05 2.20727e-05 2.38415e-05 2.79636e-05 5.48732e-05 4.53382e-05 3.49511e-05
threshold=0.00088005469297058891 1488.5899047851565 1.0000000180025095e-35 0.00054940354311838757 -0.00048059878463391209 1.0000000180025095e-35 0.60355338454246532 0.00093693891540169727 0.00055475460248999308 1481.0664672851565 -0.052264232188463294 -0.98296290636062611 11.823837280273439 -0.0002873077464755624 -0.0045252421405166379 -15.023500442504881 0.10533080995082857 1419.4822998046877 0.0019987026462331419 0.91597560048103344 -0.96460208296775807 0.60721516609191906 -0.70613771677017201 1486.8914794921877 5.6331127780140386e-06 -1.790600001811981 0.00037037873698864138 0.00034960058110300457 -1.5716333389282224 -24.127754211425778
decision_type=2 2 2 2 2 2 2 2 2 2 2 2 2 2 2 2 2 2 2 2 2 2 2 2 2 2 2 2 2 2
left_child=7 2 5 10 -5 17 9 24 -9 -6 -3 -12 13 14 -11 -16 -13 -2 -18 20 -10 22 -22 -24 -1 -26 -27 28 -28 -29
right_child=1 3 -4 4 6 -7 -8 8 19 12 11 16 -14 -15 15 -17 18 -19 -20 -21 21 -23 23 -25 25 26 27 29 -30 -31
leaf_value=1.644448822589441e-07 0 1.8274819169451388e-06 0 0 0 0 0 0 0 0 0 0 0 0 0 -3.5928696784772661e-05 -1.3860687164052301e-05 4.3027900918860686e-05 0 0 0 0 0 2.760061859369098e-05 -1.774601261272353e-06 -2.4222623412394105e-07 0 9.7526734565171383e-06 3.9483864996402371e-06 -9.7320592884007686e-07
leaf_weight=354570 59 744 118 814 42 53 146 584 49 101 76 121 188 50 60 508 507 137 97 70 125 36 22 295 8750 213611 1925 253 6789 9075
leaf_count=354570 59 744 118 814 42 53 146 584 49 101 76 121 188 50 60 508 507 137 97 70 125 36 22 295 8750 213611 1925 253 6789 9075
internal_value=0 -4.27064e-06 1.46971e-05 -7.15493e-06 -1.14056e-05 2.61855e-05 -1.96725e-05 2.59734e-08 5.93051e-06 -2.24498e-05 0 -5.36659e-06 -2.37485e-05 -2.73229e-05 -2.93898e-05 -3.30807e-05 -8.38876e-06 3.4242e-05 -1.11673e-05 1.25818e-05 1.48498e-05 1.72151e-05 1.97698e-05 2.48157e-05 9.20991e-09 -2.07267e-07 -1.35114e-07 9.6677e-07 2.73191e-06 -3.60581e-07
internal_weight=599975 3821 367 3454 1909 249 1095 596154 1181 949 1545 801 907 719 669 568 725 196 604 597 527 478 442 317 594973 240403 231653 18042 8714 9328
internal_count=599975 3821 367 3454 1909 249 1095 596154 1181 949 1545 801 907 719 669 568 725 196 604 597 527 478 442 317 594973 240403 231653 18042 8714 9328
is_linear=0
shrinkage=0.03


Tree=8
num_leaves=31
num_cat=0
split_feature=13 23 5 39 35 27 29 31 21 23 13 5 27 16 34 21 5 32 31 31 33 35 27 3 15 28 23 28 35 20
split_gain=7.37712e-05 0.000140985 8.93335e-05 0.000103903 6.20569e-05 6.73183e-05 9.07092e-05 8.84705e-05 0.000105322 7.75062e-05 5.69533e-05 5.3869e-05 4.82486e-05 4.82266e-05 4.4516e-05 4.02803e-05 5.76317e-05 3.74706e-05 5.1949e-05 2.95914e-05 2.729e-05 2.28805e-05 2.84264e-05 2.27228e-05 4.74599e-05 4.45929e-05 3.28346e-05 3.25322e-05 3.54716e-05 3.13221e-05
threshold=0.00076898719999007892 1488.5899047851565 1.5975000262260439 1.0000000180025095e-35 0.0012181025813333692 1.2109000086784365 9.5062294006347674 1486.8914794921877 1566.3332519531252 1501.3535766601565 0.00049734342610463511 4.6484999656677255 5.7058665752410898 0.00044727137719746684 -0.0093203024007379991 1501.2073364257815 1.2105000019073489 1924.5849609375002 1589.111511230469 2379.902954101563 1568.9069824218752 0.00066627401974983524 0.88516667485237133 0.0034969581756740813 0.00066872229217551659 -1.6445333361625669 1498.4512939453127 -0.81135001778602589 0.0019775202963501219 7.4605000019073495
decision_type=2 2 2 2 2 2 2 2 2 2 2 2 2 2 2 2 2 2 2 2 2 2 2 2 2 2 2 2 2 2
left_child=10 2 -2 -4 -3 6 7 -6 9 -9 21 15 -7 -14 -15 -11 -17 18 -16 23 -10 -1 -23 24 25 -12 -26 28 -28 -25
right_child=1 4 3 -5 5 12 -8 8 20 11 19 -13 13 14 17 16 -18 -19 -20 -21 -22 22 -24 29 26 -27 27 -29 -30 -31
leaf_value=1.687586318876393e-07 0 0 3.3811985837407949e-05 0 0 1.751531166218153e-06 0 0 0 0 -1.8015600868960345e-07 0 0 0 -1.8957069943772665e-05 0 -5.7780008302928649e-05 -3.1648356029328827e-05 0 -1.8371233963038361e-06 -9.7674675097167727e-06 -3.9772951740073795e-07 2.5614801509533618e-07 -6.3563778700899229e-06 0 3.1956388750613244e-06 0 0 1.5348928902412891e-05 1.7529001361510709e-06
leaf_weight=293008 264 711 195 49 104 1096 356 33 74 29 4437 20 238 24 130 45 169 157 163 962 1911 207177 78344 616 185 6481 279 784 861 1073
leaf_count=293008 264 711 195 49 104 1096 356 33 74 29 4437 20 238 24 130 45 169 157 163 962 1911 207177 78344 616 185 6481 279 784 861 1073
internal_value=0 -3.37781e-06 9.83381e-06 2.30362e-05 -5.22426e-06 -6.62088e-06 -9.73734e-06 -1.19665e-05 -1.35879e-05 -3.47805e-05 3.13043e-08 -4.03304e-05 -2.36718e-07 -7.50999e-06 -1.32764e-05 -4.42695e-05 -4.89343e-05 -1.65733e-05 0 1.81695e-06 -8.91484e-06 -1.19011e-08 -2.07805e-07 2.25969e-06 2.70889e-06 1.54898e-06 7.29083e-06 8.58053e-06 1.22448e-05 0
internal_weight=599975 5768 508 244 5260 4549 2741 2385 2281 296 594207 263 1808 712 474 243 214 450 293 15678 1985 578529 285521 14716 13027 10918 2109 1924 1140 1689
internal_count=599975 5768 508 244 5260 4549 2741 2385 2281 296 594207 263 1808 712 474 243 214 450 293 15678 1985 578529 285521 14716 13027 10918 2109 1924 1140 1689
is_linear=0
shrinkage=0.03


Tree=9
num_leaves=31
num_cat=0
split_feature=13 23 5 39 35 13 16 13 26 29 38 31 5 30 21 14 41 19 15 2 16 29 16 38 38 34 16 16 10 21
split_gain=6.77081e-05 0.000131174 8.39108e-05 8.53342e-05 5.89307e-05 5.34799e-05 4.78734e-05 0.000121463 0.000105163 7.89105e-05 8.01607e-05 8.60926e-05 6.42849e-05 5.59755e-05 0.000133122 4.61819e-05 4.09549e-05 4.58478e-05 6.30855e-05 4.38862e-05 4.393e-05 4.36486e-05 4.0455e-05 3.6632e-05 3.66012e-05 3.11902e-05 2.589e-05 2.81087e-05 2.44839e-05 4.15643e-05
threshold=0.00076898719999007892 1488.5899047851565 1.1104999780654909 1.0000000180025095e-35 0.0012181025813333692 0.00049734342610463511 0.00054940354311838757 0.00088005469297058891 -0.0020803072256967421 5.7956833839416513 0.60355338454246532 1486.8914794921877 1.1604999899864199 1682.9165039062502 1884.0122070312502 0.00085891553317196678 -0.70613771677017201 5.1849999427795419 0.00056427280651405465 0.0024778277147561316 0.00037994737795088446 -4.1243560314178458 0.0003377873072167859 0.12940952181816109 -0.91597560048103321 -0.0021098132710903879 0.0003576918388716877 0.00051032702322117995 0.52175414562225353 2159.2612304687505
decision_type=2 2 2 2 2 2 2 2 2 2 2 2 2 2 2 2 2 2 2 2 2 2 2 2 2 2 2 2 2 2
left_child=5 2 -2 22 -3 -1 8 -8 28 10 11 -9 -13 15 -15 -14 21 18 -18 20 -20 25 -4 -24 -22 -7 -19 -28 -6 -30
right_child=1 4 3 -5 6 16 7 9 -10 -11 -12 12 13 14 -16 -17 17 26 19 -21 24 -23 23 -25 -26 -27 27 -29 29 -31
leaf_value=-1.1232775950524821e-08 0 0 0 0 0 -9.6879748756782886e-06 0 0 1.5268997124680022e-06 0 0 0 0 0 -2.399308552695068e-05 -4.1484906581866698e-05 1.3812592668915412e-06 1.7987653818767642e-06 0 0 0 7.2984359060672592e-07 3.6621560895860398e-05 0 1.0960759958960817e-05 0 -8.8209737043808152e-06 0 -2.1472666456164331e-05 0
leaf_weight=578529 163 711 29 85 344 709 615 113 1468 448 201 110 50 175 251 395 7081 663 261 246 312 2564 199 32 2339 321 602 580 336 43
leaf_count=578529 163 711 29 85 344 709 615 113 1468 448 201 110 50 175 251 395 7081 663 261 246 312 2564 199 32 2339 321 602 580 336 43
internal_value=0 -3.23556e-06 9.44452e-06 1.87127e-05 -5.03066e-06 3.04744e-08 -6.39703e-06 -9.76689e-06 -1.40085e-06 -1.38478e-05 -1.76899e-05 -2.08893e-05 -2.37823e-05 -2.65224e-05 -7.61989e-06 -3.7872e-05 1.76084e-06 2.6507e-06 3.50479e-06 7.31613e-06 8.46231e-06 -3.96405e-07 2.75658e-05 3.18241e-05 9.67337e-06 -6.11214e-06 -4.63168e-07 -4.26982e-06 -1.14936e-05 -1.76097e-05
internal_weight=599975 5768 508 345 5260 594207 4549 2358 2191 1743 1295 1094 981 871 426 445 15678 12084 10239 3158 2912 3594 260 231 2651 1030 1845 1182 723 379
internal_count=599975 5768 508 345 5260 594207 4549 2358 2191 1743 1295 1094 981 871 426 445 15678 12084 10239 3158 2912 3594 260 231 2651 1030 1845 1182 723 379
is_linear=0
shrinkage=0.03


end of trees

feature_importances:
volatility_15m=22
volatility_240m=21
sma_240_slope=21
hour_sin=18
candle_range=16
volatility_30m=14
distance_low_60=13
distance_sma_15=12
distance_high_60=12
sma_15_slope=11
sma_15=10
sma_240=10
rolling_low_60=10
hour_cos=10
minute_cos=10
volatility_60m=9
rolling_low_240=9
rolling_high_240=8
sma_60=7
distance_sma_240=7
sma_60_slope=5
distance_high_240=4
distance_low_240=4
lower_wick=3
momentum_30m=3
momentum_60m=3
distance_sma_60=3
rolling_high_60=3
return_5m=2
return_30m=2
body=2
abs_body=2
body_range_ratio=2
momentum_5m=2
momentum_15m=2
minute_sin=2
return_1m=1
return_15m=1
return_60m=1
upper_wick=1
upper_wick_ratio=1
lower_wick_ratio=1

parameters:
[boosting: gbdt]
[objective: regression]
[metric: l2]
[tree_learner: serial]
[device_type: cpu]
[data_sample_strategy: bagging]
[data: ]
[valid: ]
[num_iterations: 1000]
[learning_rate: 0.03]
[num_leaves: 31]
[num_threads: 2]
[seed: 42]
[deterministic: 0]
[force_col_wise: 0]
[force_row_wise: 0]
[histogram_pool_size: -1]
[max_depth: -1]
[min_data_in_leaf: 20]
[min_sum_hessian_in_leaf: 0.001]
[bagging_fraction: 0.8]
[pos_bagging_fraction: 1]
[neg_bagging_fraction: 1]
[bagging_freq: 0]
[bagging_seed: 400]
[bagging_by_query: 0]
[feature_fraction: 0.8]
[feature_fraction_bynode: 1]
[feature_fraction_seed: 30056]
[extra_trees: 0]
[extra_seed: 12879]
[early_stopping_round: 0]
[early_stopping_min_delta: 0]
[first_metric_only: 0]
[max_delta_step: 0]
[lambda_l1: 0.1]
[lambda_l2: 0.1]
[linear_lambda: 0]
[min_gain_to_split: 0]
[drop_rate: 0.1]
[max_drop: 50]
[skip_drop: 0.5]
[xgboost_dart_mode: 0]
[uniform_drop: 0]
[drop_seed: 17869]
[top_rate: 0.2]
[other_rate: 0.1]
[min_data_per_group: 100]
[max_cat_threshold: 32]
[cat_l2: 10]
[cat_smooth: 10]
[max_cat_to_onehot: 4]
[top_k: 20]
[monotone_constraints: ]
[monotone_constraints_method: basic]
[monotone_penalty: 0]
[feature_contri: ]
[forcedsplits_filename: ]
[refit_decay_rate: 0.9]
[cegb_tradeoff: 1]
[cegb_penalty_split: 0]
[cegb_penalty_feature_lazy: ]
[cegb_penalty_feature_coupled: ]
[path_smooth: 0]
[interaction_constraints: ]
[verbosity: 1]
[saved_feature_importance_type: 0]
[use_quantized_grad: 0]
[num_grad_quant_bins: 4]
[quant_train_renew_leaf: 0]
[stochastic_rounding: 1]
[linear_tree: 0]
[max_bin: 255]
[max_bin_by_feature: ]
[min_data_in_bin: 3]
[bin_construct_sample_cnt: 200000]
[data_random_seed: 175]
[is_enable_sparse: 1]
[enable_bundle: 1]
[use_missing: 1]
[zero_as_missing: 0]
[feature_pre_filter: 1]
[pre_partition: 0]
[two_round: 0]
[header: 0]
[label_column: ]
[weight_column: ]
[group_column: ]
[ignore_column: ]
[categorical_feature: ]
[forcedbins_filename: ]
[precise_float_parser: 0]
[parser_config_file: ]
[objective_seed: 16083]
[num_class: 1]
[is_unbalance: 0]
[scale_pos_weight: 1]
[sigmoid: 1]
[boost_from_average: 1]
[reg_sqrt: 0]
[alpha: 0.9]
[fair_c: 1]
[poisson_max_delta_step: 0.7]
[tweedie_variance_power: 1.5]
[lambdarank_truncation_level: 30]
[lambdarank_norm: 1]
[label_gain: ]
[lambdarank_position_bias_regularization: 0]
[eval_at: ]
[multi_error_top_k: 1]
[auc_mu_weights: ]
[num_machines: 1]
[local_listen_port: 12400]
[time_out: 120]
[machine_list_filename: ]
[machines: ]
[gpu_platform_id: -1]
[gpu_device_id: -1]
[gpu_device_id_list: ]
[gpu_use_dp: 0]
[num_gpu: 1]

end of parameters

pandas_categorical:[]
